<?xml version="1.0"?>
<opencv_storage>
<homography-matrix type_id="opencv-matrix">
  <rows>3</rows>
  <cols>3</cols>
  <dt>d</dt>
  <data>
    7.2720585591767894e-01 -4.3848528126235420e-01
    6.1246999735375766e+01 -3.6441611544118957e-02
    -2.0466754983491670e-01 2.2912875202930354e+02
    -8.6106250080135167e-05 -1.4868471966286466e-03 1.</data></homography-matrix>
</opencv_storage>
