<?xml version="1.0"?>
<opencv_storage>
<homography-matrix type_id="opencv-matrix">
  <rows>3</rows>
  <cols>3</cols>
  <dt>d</dt>
  <data>
    1.1696557005324419e+00 -6.1900486215223804e-01
    -3.3537862256086399e+01 6.6052646437129922e-02
    -4.6349594781319968e-02 5.6981216817970861e+01
    1.5790730840002876e-04 -1.9197387654080590e-03 1.</data></homography-matrix>
</opencv_storage>
