<?xml version="1.0"?>
<opencv_storage>
<homography-matrix type_id="opencv-matrix">
  <rows>3</rows>
  <cols>3</cols>
  <dt>d</dt>
  <data>
    1.3430687940844519e+00 -5.6225045574837340e-01
    -1.0959975888714206e+02 1.7168965809699599e-01
    -8.6473461747913621e-04 4.7985443446076133e+00
    3.9887182159164874e-04 -2.0563533737138272e-03 1.</data></homography-matrix>
</opencv_storage>
